35,165
35,164
35,163
35,162
35,161
35,160
35,159
35,158
35,157
35,156
34,18
35,155
35,154
35,153
35,152
35,151
35,150
35,149
35,148
35,147
35,146
35,145
35,144
35,143
35,142
35,141
34,17
35,140
35,139
35,138
35,137
35,136
35,135
35,134
35,133
35,132
35,131
35,130
35,129
35,128
33,111
33,110
33,109
33,108
33,107
33,106
33,105
33,104
33,103
33,102
33,101
33,100
33,99
33,98
33,97
33,96
33,95
33,94
33,74
33,73
33,69
33,67
33,65
33,64
33,131
33,130
33,129
33,128
0,567
45,3
45,2
45,1
45,0
44,3
44,2
44,1
44,0
35,124
35,123
35,122
0,561
0,556
0,555
43,7
43,6
43,5
43,4
43,3
43,2
43,1
43,0
35,121
35,120
35,119
35,118
35,117
35,116
35,115
0,547
0,546
35,114
35,113
35,112
35,111
0,545
35,110
35,109
35,108
35,107
35,106
35,105
0,540
0,539
35,104
35,103
35,102
35,101
35,100
35,99
35,98
35,97
35,96
35,95
35,94
35,93
35,92
35,91
35,90
35,76
35,75
34,16
35,89
35,88
0,530
0,528
0,471
0,470
0,469
0,468
0,467
0,466
35,87
35,86
33,191
0,465
0,572
33,190
0,460
0,458
0,456
0,452
0,451
0,449
33,189
0,448
0,446
33,188
33,187
0,443
33,186
0,442
0,439
33,185
33,93
42,5
42,4
42,3
42,2
42,1
42,0
41,5
41,4
41,3
41,2
41,1
41,0
33,184
33,183
40,5
40,4
40,3
40,2
40,1
40,0
33,182
33,181
0,437
0,436
0,434
0,433
0,432
33,180
33,179
33,178
33,177
33,176
33,175
33,174
33,173
33,172
33,171
33,170
33,169
33,168
33,167
0,430
0,429
39,36
0,427
0,464
0,455
0,426
33,166
33,165
33,164
33,163
33,162
33,161
33,160
33,159
33,158
33,157
33,156
